                                                  The MEANS Procedure

 Variable        N           Mean        Std Dev        Minimum        Maximum
 -----------------------------------------------------------------------------
 q_1            60      3.9666667      2.0249852      1.0000000      7.0000000
 q_2            60      3.9833333      2.0293747      1.0000000      7.0000000
 q_3            60      4.0000000      1.9915074      1.0000000      7.0000000
 q_4            60      4.0166667      2.0293747      1.0000000      7.0000000
 q_5            60      4.0333333      2.0249852      1.0000000      7.0000000
 q_6            60      3.9333333      2.0073312      1.0000000      7.0000000
 q_7            60      4.0666667      2.0073312      1.0000000      7.0000000
 q_8            60      3.9666667      2.0249852      1.0000000      7.0000000
 q_9            60      3.9833333      2.0293747      1.0000000      7.0000000
 q_10           60      4.0000000      1.9915074      1.0000000      7.0000000
 q_11           60      4.0166667      2.0293747      1.0000000      7.0000000
 q_12           60      4.0333333      2.0249852      1.0000000      7.0000000
 q_13           60      3.9333333      2.0073312      1.0000000      7.0000000
 q_14           60      4.0666667      2.0073312      1.0000000      7.0000000
 q_15           60      3.9666667      2.0249852      1.0000000      7.0000000
 q_16           60      3.9833333      2.0293747      1.0000000      7.0000000
 q_17           60      4.0000000      1.9915074      1.0000000      7.0000000
 q_18           60      4.0166667      2.0293747      1.0000000      7.0000000
 q_19           60      4.0333333      2.0249852      1.0000000      7.0000000
 q_20           60      3.9333333      2.0073312      1.0000000      7.0000000
 q_21           60      4.0666667      2.0073312      1.0000000      7.0000000
 -----------------------------------------------------------------------------

